x <- 1:1000

X^3

ans <- 42