x <- 1:1000

X^2